
Queue BFS
0 1 385 386 387 139 133 93 94 13 12 11 10 9 7 79 119 116 122 121 171 1089 58 57 55 1068 1116 37075 37076 38041 37057 37058 1494772 1478906 1478907 1489285 1489286 1489288 1489295 1489306 1489323 1489342 1494938 1494944 1495004 1495009 1495043 1495125 1495126 1495114 1495113 1801135 1801139 1801140 1793714 1793713 1793633 1794048 1794005 1793996 1793995 1794012 1794083 1795161 1795367 1795363 1806428 1806426 1806425 1806437 1806444 1806449 1806446 1808542 1795828 1795829 1796199 1796210 1796418 1808450 1808449 1797494 1797492 1797491 1799010 1797528 1797527 1798926 1798925 1798924 1800127 1808628 1800864 1800865 1809716 1800872 1800871 1800870 1800902 1907299 1907294 1907290 1907291 1907221 1907350 1890673 1899182 1898610 1898278 1907821 1899100 1899092 1896292 1896293 1898956 1896286 1896283 1896278 1896279 1896275 1897514 1897516 1897515 1897510 1897509 1897511 1897521 1897522 1899309 1899308 1899453 1899463 1899462 1899490 1900201 1900200 1899952 1899898 1900040 1900116 1899612 1899611 1900088 1900087 1900091 1900123 1899818 1899816 1899999 1900000 

Frontiers BFS
0 1 385 386 387 139 133 93 94 13 12 11 10 9 7 79 119 116 122 121 171 1089 58 57 55 1068 1116 37075 37076 38041 37057 37058 1494772 1478906 1478907 1489285 1489286 1489288 1489295 1489306 1489323 1489342 1494938 1494944 1495004 1495009 1495043 1495125 1495126 1495114 1495113 1801135 1801139 1801140 1793714 1793713 1793633 1794048 1794005 1793996 1793995 1794012 1794083 1795161 1795367 1795363 1806428 1806426 1806425 1806437 1806444 1806449 1806446 1808542 1795828 1795829 1796199 1796210 1796418 1808450 1808449 1797494 1797492 1797491 1799010 1797528 1797527 1798926 1798925 1798924 1800127 1808628 1800864 1800865 1809716 1800872 1800871 1800870 1800902 1907299 1907294 1907290 1907291 1907221 1907350 1890673 1899182 1898610 1898278 1907821 1899100 1899092 1896292 1896293 1898956 1896286 1896283 1896278 1896279 1896275 1897514 1897516 1897515 1897510 1897509 1897511 1897521 1897522 1899309 1899308 1899453 1899463 1899462 1899490 1900201 1900200 1899952 1899898 1900040 1900116 1899612 1899611 1900088 1900087 1900091 1900123 1899818 1899816 1899999 1900000 

Atomic Opperations BFS
0 1 385 386 387 139 133 93 94 13 12 11 10 9 7 79 119 116 122 121 171 1089 58 57 55 1068 1116 37075 37076 38041 37057 37058 1494772 1478906 1478907 1489285 1489286 1489288 1489295 1489306 1489323 1489342 1494938 1494944 1495004 1495009 1495043 1495125 1495126 1495114 1495113 1801135 1801139 1801140 1793714 1793713 1793633 1794048 1794005 1793996 1793995 1794012 1794083 1795161 1795367 1795363 1806428 1806426 1806425 1806437 1806444 1806449 1806446 1808542 1795828 1795829 1796199 1796210 1796418 1796417 1796220 1808540 1797493 1797491 1799010 1797528 1797527 1798926 1798925 1798924 1800127 1808628 1800864 1800865 1809716 1800872 1800871 1800870 1800902 1907299 1907294 1907290 1907291 1907221 1907350 1890673 1899182 1898610 1898278 1907821 1899100 1899092 1896292 1896293 1898956 1896286 1896283 1896278 1896279 1896275 1897514 1897516 1897515 1897510 1897509 1897511 1897521 1897522 1899309 1899308 1899453 1899463 1899462 1899490 1900201 1900200 1899952 1899898 1900040 1900116 1899612 1899611 1900088 1900089 1900091 1900123 1899818 1899816 1899999 1900000 

 Global Atomic Opperations BFS
0 1 385 386 387 139 133 93 94 13 12 11 10 9 7 79 119 116 122 121 171 1089 58 57 55 1068 1116 37075 37076 38041 37057 37058 1494772 1478906 1478907 1489285 1489286 1489288 1489295 1489306 1489323 1489342 1494938 1494944 1495004 1495009 1495043 1495125 1495126 1495114 1495113 1801135 1801139 1801140 1793714 1793634 1793633 1794048 1794005 1793996 1793995 1794012 1794083 1795161 1795367 1795363 1806428 1806426 1806425 1806437 1806444 1806449 1806446 1808542 1795828 1795829 1796199 1796210 1796418 1796417 1796220 1808540 1797493 1797491 1799010 1797528 1797527 1798926 1798925 1798924 1800127 1808628 1800864 1800865 1809716 1800872 1800871 1800870 1800902 1907299 1907294 1907290 1907291 1907221 1907350 1890673 1899182 1898610 1898278 1907821 1899100 1899092 1896292 1896293 1898956 1896286 1896283 1896278 1896279 1896275 1897514 1897516 1897515 1897510 1897509 1897511 1897521 1897522 1899309 1899308 1899453 1899463 1899462 1899490 1900201 1900200 1899952 1899898 1900040 1900116 1899612 1899611 1900088 1900089 1900091 1900123 1899818 1899816 1899999 1900000 

 Sequential BFS
0 1 385 386 387 139 133 93 94 13 12 11 10 9 7 79 119 116 115 120 171 1089 58 57 55 1068 1116 37075 37076 38041 37057 37058 1494772 1478906 1478907 1489285 1489286 1489288 1489295 1489306 1489323 1489342 1494938 1494944 1495004 1495009 1495043 1495125 1495126 1495114 1495113 1801135 1801139 1801140 1793714 1793634 1793633 1794048 1794005 1793996 1793995 1794012 1794083 1795161 1795367 1795363 1806428 1806426 1806425 1806437 1806444 1806449 1806446 1808542 1795828 1795829 1796199 1796210 1796418 1796417 1796220 1808540 1797493 1797491 1799010 1797528 1797527 1798926 1798925 1798924 1798923 1800126 1808627 1800849 1800848 1809597 1800873 1800870 1800902 1907299 1907294 1907290 1907291 1907221 1907350 1890673 1899182 1898610 1898278 1907821 1899100 1899092 1896292 1896293 1898956 1896286 1896283 1896278 1896279 1896275 1897514 1897516 1897515 1897510 1897509 1897511 1897521 1897522 1899309 1899308 1899453 1899463 1899462 1899490 1900201 1900200 1899952 1899779 1899778 1899788 1899612 1899611 1899616 1900087 1900091 1900123 1899818 1899816 1899999 1900000 
